2243
13620
15061
11136
13084
16142
16218
10448
3960
7010
6413
16508
4743
14853
14784
7648
14762
11906
16702
12178
10123
15794
5082
10304
7902
2810
11654
8929
17101
4223
7598
11719
5093
13420
5868
13994
16202
15653
8219
3797
16619
6299
2816
4280
2438
12572
12236
11361
12500
8236
5906
10367
9475
15578
9303
6601
4532
13829
4028
13662
4364
14414
10841
12012
3893
2600
4303
3981
10242
17453
12580
6470
14838
14504
5004
15713
12169
11588
5552
4008
9551
6761
8600
15038
8956
14821
4029
9361
13344
3236
2091
4067
3346
3722
8045
5846
6965
16708
11547
16508
4116
5062
15410
17672
16832
15290
4111
15555
16181
2800
5470
5284
4050
17349
12695
14498
13156
17645
6230
16310
9403
11978
13668
13688
3850
3893
6156
12608
10274
10587
8951
17609
7042
3783
11621
13064
17536
13334
6915
2992
11558
7034
2770
8298
2843
14785
15417
13063
3840
2759
7972
16552
12738
16158
5582
7791
13634
8862
17292
16933
6092
5421
5203
9158
9389
3566
7000
11551
16975
9509
12953
15647
14681
7796
3353
10208
10980
9877
9753
9166
3041
17031
2450
8589
11758
13435
16109
9728
6824
17610
4000
8280
13371
3986
17869
17717
2480
10505
11034
2086
9966
5424
11644
11181
10879
6899
9533
12651
13050
9503
17250
5301
2413
3560
7765
8100
8950
14206
17943
6334
13392
12107
3593
16918
15205
5089
13395
2317
17923
15835
8931
4679
13784
3236
9878
12023
11364
2996
15076
11899
2314
13170
10440
17572
9276
16802
4628
8774
3663
8141
14117
15359
9828
13121
7839
5075
6597
14021
2506
15730
14244
14837
14305
13654
8780
3380
15254
13467
13149
5052
3819
4953
16443
15244
6651
4293
2137
2453
3472
13003
10180
4771
2880
16215
11237
17747
16140
4056
15802
16137
10284
4556
16799
17145
15403
3805
6146
8400
15473
12935
13242
14351
15778
14863
4475
2827
16101
16840
8328
12892
6433
8834
12810
7003
8382
4255
7521
16726
15483
9463
12658
14781
17405
14869
2430
14907
8054
10980
16249
9607
8373
14164
9878
8478
2922
6325
6993
14461
3590
8731
14618
13507
16588
10644
13318
7785
14648
9322
6394
16012
9411
13219
11090
14754
17308
10178
17745
6744
9814
15879
5923
16273
3661
12380
9778
